9
 4.d0 -1.d0  0.d0 -1.d0  0.d0  0.d0  0.d0  0.d0  0.d0
-1.d0  4.d0 -1.d0  0.d0 -1.d0  0.d0  0.d0  0.d0  0.d0
 0.d0 -1.d0  4.d0  0.d0  0.d0 -1.d0  0.d0  0.d0  0.d0
-1.d0  0.d0  0.d0  4.d0 -1.d0  0.d0 -1.d0  0.d0  0.d0
 0.d0 -1.d0  0.d0 -1.d0  4.d0 -1.d0  0.d0 -1.d0  0.d0
 0.d0  0.d0 -1.d0  0.d0 -1.d0  4.d0  0.d0  0.d0 -1.d0
 0.d0  0.d0  0.d0 -1.d0  0.d0  0.d0  4.d0 -1.d0  0.d0
 0.d0  0.d0  0.d0  0.d0 -1.d0  0.d0 -1.d0  4.d0 -1.d0
 0.d0  0.d0  0.d0  0.d0  0.d0 -1.d0  0.d0 -1.d0  4.d0

 4.d0  4.d0  4.d0  4.d0  4.d0  4.d0  4.d0  4.d0  4.d0
